   2.0000000e+00   4.7486257e-01  -4.3070791e-01  -4.2601733e-01   8.5886818e-01  -2.2983346e-01  -4.1109714e-01   1.2838580e+00  -6.8220420e-01   7.2167482e-01  -4.0375865e-01
   2.0000000e+00  -5.2859567e-01  -1.0711799e+00   1.1496526e+00  -6.3085892e-01  -2.8910125e-01  -4.2593073e-01  -7.6718290e-02  -8.1060854e-01  -4.0969024e-01  -3.5754696e-01
   2.0000000e+00   1.0691500e+00  -4.9951714e-01  -1.1337973e+00  -1.0905260e+00   4.9589877e-01   9.2355337e-01   1.7658926e-01  -5.2910991e-02  -2.4333489e-01   1.5730464e+00
   2.0000000e+00  -1.6842724e+00  -7.0684510e-01  -1.4976058e+00  -9.0199909e-01  -6.2203411e-01  -1.2073732e+00   2.1047319e-01  -4.9882030e-01  -3.0102682e+00   3.0177018e-01
   2.0000000e+00  -5.0941008e-01  -1.4020193e+00  -2.4707151e-01   3.5102827e-01   9.7102444e-01   1.7475290e+00   9.4710927e-01   7.5356367e-01   1.5382347e-01   5.8337339e-01
   2.0000000e+00  -6.1537961e-01  -6.5065621e-01  -2.5394311e-01  -8.6052505e-01   1.4526619e+00  -7.2848607e-01   4.2030833e-01   5.1665499e-01  -6.6049477e-01  -2.9233296e-01
   2.0000000e+00  -1.0864578e+00   4.1239897e-01   2.3876396e-01   5.4505043e-02  -1.2063699e+00   5.9933851e-01   2.4481017e-01  -2.8012012e-01   9.8451326e-01   3.6314394e-01
   2.0000000e+00  -2.4397739e-01   6.6673975e-02   2.0649936e-01   1.8015143e+00  -1.4073179e+00  -1.3360525e+00  -1.2822419e+00  -1.4825730e+00   4.0594606e-01  -2.0640968e+00
   2.0000000e+00   9.2154053e-01  -1.3496765e+00  -1.2928680e+00   3.2237322e-01   2.2361046e+00  -4.5764351e-01   1.1640608e+00  -5.7946042e-01   1.0536054e-01   5.8906189e-01
   1.0000000e+00   1.1557381e+00  -1.2940646e+00  -8.0563405e-01   2.1856555e+00   2.5998035e-01  -2.5996188e-01   1.1808496e-01   9.1723980e-01  -1.9682632e-01   2.2315676e-01
   2.0000000e+00   4.8831499e-01   1.2298371e+00  -3.8893820e-01  -3.7144740e-01   1.2444320e+00  -1.2450003e-01   5.4162661e-01   2.5903349e-01  -3.6778305e-02   1.8576266e+00
   2.0000000e+00   9.1160740e-01  -1.7553683e+00  -1.2584471e-01  -9.2354854e-01  -1.1594478e+00   1.8721038e+00  -3.2391431e-01   2.8825316e-02   8.0650253e-01  -1.9471100e-01
   2.0000000e+00   8.7346142e-01  -9.6761091e-01   1.8064601e+00  -7.2283499e-01   8.5946982e-01  -2.9303380e+00   6.9722437e-01  -2.2187508e-01  -1.3083415e+00   1.3269079e+00
   1.0000000e+00   8.4763099e-01   1.1870768e+00  -3.4842851e-01   2.3253467e-01   2.5735728e-01   4.4046743e-01  -1.9562276e-01   9.8454131e-01   3.5690972e-01  -4.4417151e-01
   2.0000000e+00   1.1366268e+00   3.7170208e-01   6.7136095e-01  -7.7822305e-01  -6.9102501e-02  -3.8365064e-01  -3.7277992e-01  -9.0451261e-01   6.5891274e-01   4.8327599e-01
   2.0000000e+00  -6.4876895e-01  -1.6856268e+00  -3.1975280e-01  -5.4545452e-01   2.6784075e+00  -1.0898533e+00   8.2654080e-01  -9.1169676e-01   1.9810352e+00   1.5896745e+00
   2.0000000e+00  -2.3939490e-01  -5.1467100e-01  -1.1416845e+00  -4.0292125e-01   9.1565282e-01   3.6940804e-01  -8.3231158e-01   1.0617958e-01   8.7151138e-01   1.0559406e+00
   2.0000000e+00   3.2075449e+00  -1.6520647e-01  -3.5931768e-01  -5.5343124e-01  -1.8417521e+00   1.3847669e-01   1.6922688e+00   8.7062460e-01  -1.0283783e+00   3.1936917e-01
   2.0000000e+00   3.2615889e-01   9.0077774e-01  -1.6723950e+00  -9.3777332e-01  -1.6549383e+00   1.0844438e+00   7.5900390e-01  -1.7374665e-01  -4.8894080e-02  -8.5166379e-02
   2.0000000e+00  -7.2895614e-01  -1.4128911e+00   1.9587148e-01  -1.3813821e+00  -1.2964000e+00  -8.0912926e-01   8.2028363e-01   1.5241049e+00  -9.4153700e-01  -1.7790812e+00
   2.0000000e+00  -3.3399599e-01  -2.3553762e-01   5.6554203e-01  -2.1365684e+00  -4.3576373e-01   1.3184199e+00  -2.5222210e+00   1.2886336e-01  -9.1181177e-01  -2.2818133e-01
   2.0000000e+00  -2.9458457e-02   3.8128054e-01   1.4402357e+00   5.1076541e-01  -4.2642561e-01  -5.4352312e-01  -3.3590108e-01   6.0469308e-01  -1.6656851e-02   1.1790833e+00
   2.0000000e+00  -4.4898948e-01   7.9518831e-01  -6.8745167e-01   5.6717976e-01  -2.9472353e-01  -1.0156628e+00  -4.9444687e-01   2.3386813e-01   1.2584132e+00   6.3150309e-01
   2.0000000e+00  -3.0144278e-01  -1.5307781e+00  -1.6825384e+00  -6.8756547e-01   1.5254821e+00  -7.6655059e-02   1.0122381e+00  -9.7128658e-02  -5.1171807e-02  -1.0398884e+00
   2.0000000e+00   3.3104127e-01  -1.3503050e+00   6.4203100e-01   4.5121030e-01  -3.4640591e-01  -5.1627762e-01   2.1517393e-01  -1.5705327e+00  -2.5888638e-01   5.2678740e-01
   2.0000000e+00   1.2168696e+00  -1.9144067e-01   1.9958390e-01  -6.6587722e-01  -7.1290920e-01   4.5070696e-01   9.1099605e-01   4.1323860e-01  -2.9088364e-01   1.4843105e+00
   2.0000000e+00  -8.2175962e-01  -5.0459805e-01  -9.9620547e-02   8.1745401e-01  -7.9839452e-01  -1.7773192e+00  -1.9596437e-01   3.7448998e-01   1.9335618e+00  -2.0326729e+00
   2.0000000e+00  -3.6295437e-01   3.3046436e-01   1.5899410e+00  -1.0019835e+00  -1.3803796e+00   2.0966394e-01  -2.9123652e-01   1.0721705e+00  -5.9487429e-01  -9.9438492e-01
   2.0000000e+00   1.3577903e+00   2.4000258e-01  -8.6794740e-01   1.3166408e+00  -4.5026431e-01   2.1290970e+00   5.1903638e-01  -8.8895650e-01   7.1207593e-01  -8.9458093e-02
   2.0000000e+00  -6.7110762e-01  -1.3218221e+00  -5.2439224e-01  -7.3899587e-01  -8.3724114e-01   7.4036197e-01  -5.6777545e-01  -9.2136954e-01   2.6309769e+00  -6.1199366e-01
   2.0000000e+00  -6.9547587e-01  -5.2577144e-01   9.2792994e-01  -5.3384496e-01  -1.6533243e+00  -8.6037280e-01  -2.0512365e+00   6.6061695e-01  -1.1071155e+00   3.0512817e-01
   2.0000000e+00  -4.3638253e-01   1.9208601e-01  -4.8839011e-02   9.4480556e-01  -9.1963151e-01  -6.3392278e-01  -1.0122628e+00  -1.7065927e-02   2.2501677e+00   1.3815077e+00
   2.0000000e+00  -1.8171602e+00  -1.6258108e+00   1.0473635e+00   3.1891322e-01  -3.2408884e-01   1.4484949e+00  -1.0891261e+00   7.1316533e-01   1.1799674e-01  -3.9670792e-01
   2.0000000e+00   1.6554529e-01  -1.3787224e+00   1.0118534e+00  -1.2758998e+00   1.0148002e+00  -2.0156934e-01   6.8009359e-01  -1.3869046e+00  -1.3909925e+00   2.5008838e-01
   2.0000000e+00   4.1549840e-01   8.9143357e-01  -2.2602414e+00   9.8493061e-01  -6.1549608e-01  -2.4175627e+00   2.5358152e-01  -9.8190729e-01   4.4662693e-01  -9.5785670e-01
   2.0000000e+00   5.5560011e-03  -5.2732982e-01  -7.0497676e-01   2.6920709e-01   1.2936867e+00   1.5155399e-01   3.0043952e-01  -1.8599868e+00   6.8330089e-01  -1.0375492e+00
   1.0000000e+00   3.5563370e-01  -1.7493182e+00  -3.7190966e-01  -2.7582402e-01   3.8648942e-01  -1.1545818e+00  -1.0166441e+00   4.2378902e-01   4.3128080e-01   2.6884592e-02
   2.0000000e+00   4.5821761e-01  -5.2495046e-01  -6.3328660e-02  -1.1906320e+00   1.9107998e-01   2.9773428e-01   1.2880996e+00  -7.3880877e-01  -2.3889570e-01   3.1405384e+00
   2.0000000e+00  -4.1578700e-01  -1.6327855e+00  -1.3129159e-02   4.5486518e-01  -1.3788296e+00   1.1230622e+00   2.4080370e-01  -1.1623642e+00  -9.8151138e-01  -1.8208266e+00
   2.0000000e+00   4.3399360e-01  -9.2778829e-01   8.4843005e-01  -6.1217655e-01   1.6359504e+00  -1.2730514e+00  -1.4857771e-01  -9.8201778e-01   2.2068809e-02   6.2224415e-01
   2.0000000e+00  -8.9969222e-01  -1.0131238e+00  -2.0557979e-01  -6.9682862e-01  -1.2599629e+00   2.1483402e+00  -6.4931884e-01  -4.0621981e-01  -6.4816911e-01  -4.3729008e-01
   1.0000000e+00  -3.1055771e-01  -2.0811059e-01  -3.1877526e-01  -6.7546820e-01   1.7938870e-02   2.0092316e-01  -1.1941213e-01   1.0343677e+00   2.2732197e+00   6.5781995e-01
   2.0000000e+00  -5.7553970e-01  -7.0614854e-01  -3.7769357e-01   4.7525121e-01  -8.4167561e-01  -1.1697430e+00  -1.0477050e+00   2.6801077e+00   4.6012037e-02   8.0303915e-01
   2.0000000e+00   2.3586626e+00   6.7995223e-01   1.6797821e+00   4.1973652e-01  -7.9119946e-02   7.4089643e-02   4.5223903e-01  -1.2707966e+00   5.9274967e-01  -1.2929133e+00
   2.0000000e+00   2.3830532e+00   3.6759114e-01   2.3751099e-01   1.9786431e-01  -5.5701411e-01   8.4488722e-01  -3.4112526e-01   1.3056865e-01  -1.4246372e+00  -4.3503969e-01
   2.0000000e+00  -2.8603677e-01   1.2557411e+00  -4.1352224e-01   1.1425129e+00   7.4450187e-01   1.4141162e+00  -2.2729996e-01  -2.1948405e+00   1.8222136e+00   8.5344027e-01
   1.0000000e+00  -1.6604074e+00   1.1362425e+00   4.6454802e-01  -1.2115576e+00   2.4428721e-01  -1.9085355e+00   1.0077137e+00  -1.7114464e-01   3.9667905e-01  -3.6354393e-01
   2.0000000e+00  -3.7842091e-01   5.5250226e-01   1.1904202e+00   4.5468458e-01   5.8112643e-01  -1.0074584e+00   3.4578451e-01   3.1426115e-01   5.2353643e-01   1.3637303e+00
   2.0000000e+00   8.3265542e-01   1.4652931e+00   1.4247210e+00  -1.5919285e+00   1.5583620e+00   5.5632318e-01   1.0806130e+00  -7.4510735e-01   1.4526329e+00   1.0175387e-01
   2.0000000e+00   7.8267712e-01  -9.0359814e-01  -7.7972855e-01   6.9252208e-01  -6.0436967e-01   2.3590651e-02   3.0403451e-02   1.3559091e+00  -1.6460100e+00  -6.5357757e-01
   2.0000000e+00   1.2851504e+00   1.0269660e+00  -3.3731143e-01   2.3101266e-01  -1.2689725e+00   5.2410332e-01  -1.8357446e-01   9.6903471e-01   6.6142192e-03   8.0943986e-02
   2.0000000e+00   1.2858588e+00   4.5999652e-01   6.5743678e-02   6.3126133e-01  -3.6761128e-01   1.7721078e+00  -9.2332103e-01  -2.4237729e-01   9.4301163e-01   3.2541377e-01
   2.0000000e+00   4.4015071e-01   2.9546208e-01  -3.5043047e-01  -1.2490995e+00  -1.1384314e+00   3.8757261e-01   1.5574130e-01   6.1261137e-01  -4.8684138e-01   3.5753221e-01
   2.0000000e+00  -1.0264960e+00  -7.0149334e-02  -9.8959034e-01   1.5531503e+00   1.0693456e+00  -8.9184056e-01  -1.0870523e+00  -3.7859877e-01  -9.7439255e-01  -1.9039921e+00
   2.0000000e+00   1.1156496e+00   3.3966811e-01   2.4934632e-01  -3.2508517e-01  -6.8761350e-01  -2.3452702e+00   6.9755704e-01   2.1106932e+00  -1.2271067e+00   1.8448848e-01
   2.0000000e+00   2.0525722e-03   8.8787366e-01  -1.2724337e+00   1.5276134e-01   5.1426261e-01  -8.2233194e-01  -8.7504677e-01  -5.8847825e-01  -4.2888302e-02   9.0961090e-01
   2.0000000e+00   7.9617209e-01   1.1239990e+00   1.3605396e+00   1.2472672e+00   6.1937119e-01   1.9497211e-01  -6.8633856e-02  -3.6650382e-01   9.7532616e-01   7.4215297e-01
   2.0000000e+00   4.9851833e-01   7.8510172e-01  -6.8244272e-01  -1.0391001e-01   3.8619999e-01  -8.8500629e-01  -2.9721883e-01  -6.6256168e-01   9.3981765e-01  -1.4467958e+00
   2.0000000e+00  -1.4950711e+00   2.1819418e+00  -1.1317795e+00  -1.0910351e+00   1.4264352e+00  -1.6562877e+00   7.3615665e-01   3.1680625e-01  -3.0934314e-01  -1.5544558e+00
   2.0000000e+00   2.4799871e-01  -1.3415731e+00  -6.3142035e-01  -9.1230531e-01  -5.3110987e-01   7.9083775e-01   1.7416301e-01   6.6532384e-01  -2.0724310e-01   5.6481080e-01
   2.0000000e+00   2.6812800e-01  -1.1430880e+00   1.1796842e+00  -1.0037589e+00  -1.6808218e-01  -1.2058263e+00  -3.6458417e-01  -7.9746704e-01  -7.5380388e-01  -1.1639052e-01
   2.0000000e+00   2.6840217e-01  -4.5665502e-01   7.7640804e-01   8.0956364e-01  -1.9712285e-01   1.1932040e+00  -2.2075922e-01   1.5691934e+00  -2.2435470e-01   8.7227619e-01
   2.0000000e+00  -4.4635287e-01   1.9622350e-01   6.8951769e-01   1.0369759e-01   2.4745759e+00   7.0147718e-01  -1.5169578e+00   2.1023816e-01   5.0822932e-01  -3.0214506e-01
   2.0000000e+00   8.2515280e-01   1.4003657e+00   1.3723920e+00  -5.5103793e-01  -4.9953796e-01   3.9403466e-01   1.3152680e+00   2.8300961e-01   2.2578061e+00   5.9090493e-01
   2.0000000e+00  -5.0905800e-01   8.6664847e-01   1.7055870e+00  -1.1345869e+00  -1.3990052e+00   3.5700531e-01  -7.3956893e-01  -1.7639198e+00   3.6744496e-01   1.1055225e+00
   2.0000000e+00   1.1154975e+00   1.0090215e+00   1.3808556e+00  -8.0600398e-01  -1.3107316e-01   1.7336650e-01   6.7450311e-01  -1.2963243e+00   1.7777069e+00   4.0730224e-01
   2.0000000e+00  -5.0903008e-01   1.5718049e+00  -3.4304570e-01  -2.1929728e-01   1.1550215e+00  -2.4835401e+00   9.9382018e-01  -9.5618931e-03  -8.3743325e-01   8.0241122e-01
   2.0000000e+00  -4.0222779e-01   1.3121974e-01  -4.0223774e-02  -7.8346742e-01  -1.2489070e+00   5.6240290e-01   4.7914314e-01   2.3172262e-02   6.9503971e-01   1.0281837e+00
   1.0000000e+00  -1.3396143e-01  -1.0704327e+00  -5.0681342e-01   9.3382635e-01   3.0247249e-01   1.1980699e+00   2.4096184e-01  -4.3954064e-01  -4.5062986e-01  -5.5975327e-01
   2.0000000e+00  -2.0107025e+00   6.5544868e-01  -1.7682154e+00  -9.9224656e-01  -3.8341654e+00  -8.0778264e-01  -2.4459887e-01   4.9767560e-01   1.3172330e-01  -5.4415662e-01
   2.0000000e+00   2.8686006e-01   5.3525264e-01  -7.5689125e-01  -1.7998824e+00  -1.2202854e-02   8.0677396e-02   1.9013486e+00  -9.3442396e-01   5.8484590e-01   1.8171392e+00
   2.0000000e+00   1.9491323e-01   1.3147994e+00  -3.4302121e-01   1.7280195e-01  -4.6513161e-01   1.1984512e+00  -1.0942323e+00   1.9296981e-02   7.4570915e-01  -8.7832532e-02
   2.0000000e+00   1.7318406e+00   2.1448221e+00   2.8499307e-01   1.3209899e+00  -1.3115739e+00   5.6730996e-01  -4.7162540e-01   4.5430404e-01  -9.4653359e-01   7.0930229e-01
   2.0000000e+00   8.7014188e-01   3.2167180e-01  -6.5582857e-01   2.7909858e-01   5.9305344e-01  -1.0237259e+00  -3.9079378e-01  -5.1912611e-01  -2.6109989e-01   9.8270645e-01
   2.0000000e+00  -6.0428019e-01   4.7303357e-01   6.8941003e-01   2.0181503e+00  -2.0847247e-01  -6.5057947e-01   3.1399221e-02   1.0679405e+00  -6.9143968e-01   4.6093107e-01
   2.0000000e+00  -2.1197861e+00  -1.5564332e+00   6.2937406e-01  -1.4090676e+00   1.1657725e+00   5.1762580e-01   1.4213604e+00   3.6577744e-01   2.2514009e+00  -2.3941551e-01
   2.0000000e+00  -8.3132969e-01   4.9468950e-01   1.1879195e+00  -1.6098419e+00   4.7027580e-01  -2.3364537e-01  -1.2853727e+00   6.7354425e-01   1.4792257e+00   8.2414362e-01
   1.0000000e+00   2.3548794e-03   1.7406373e-01   8.0304546e-01   3.6376394e-01   9.9581263e-02   2.6102871e-03   1.6225219e+00   9.8599629e-01  -1.3698198e-01  -5.4614132e-01
   2.0000000e+00   5.6223306e-01  -2.2297420e+00   1.7291564e+00   1.3617208e+00   1.4929500e+00   9.9612182e-02   4.2466715e-01   3.3727830e-01   3.7800175e-01  -5.6002465e-01
   2.0000000e+00   4.5805617e-04   3.4376508e-01   6.0745869e-02   8.7894455e-01  -4.8663059e-01   3.8668552e-01  -9.9188252e-01  -1.1471527e+00  -7.0478293e-01  -1.3390425e-01
   2.0000000e+00   9.4846842e-01   2.0405194e+00   1.2328840e+00   5.3085349e-01  -4.9376069e-01  -1.2656134e+00   1.5099308e+00  -2.5028126e+00   4.4215911e-03  -5.4120450e-01
   1.0000000e+00   6.6696172e-01   1.4827721e+00   2.0684354e-01  -1.8792560e+00   3.9735314e-01  -6.9782002e-01   5.3442290e-01   5.9191929e-01   2.3797927e-02   4.1055141e-01
   2.0000000e+00  -8.8368613e-01   3.5218315e-01   2.0482381e+00   3.7483775e-01   4.8498272e-01  -5.3255159e-01  -1.8186629e-01  -2.0404465e+00   8.2176853e-01  -1.7963984e+00
   2.0000000e+00   2.0377831e-01  -2.2886793e-01   5.5758059e-01  -1.5818078e+00  -3.9093215e-01  -5.1884436e-01  -2.8432895e-01  -1.1861712e+00  -8.5867927e-02  -1.0264817e+00
   2.0000000e+00  -1.4531877e+00  -3.8357835e-01   1.0347234e+00   3.4623926e-01  -1.0930553e+00  -8.7344631e-01  -1.5030625e+00  -1.2693583e+00   5.1988520e-01   7.7556013e-01
   2.0000000e+00  -5.0567456e-01   2.5612586e+00  -5.4354371e-01  -1.6596705e-01   7.5484930e-01  -9.4689550e-01  -4.6367233e-01  -1.5473587e+00   5.7899150e-01   5.3846912e-01
   2.0000000e+00   3.1194457e-01  -8.5141785e-01  -2.0795173e-01   9.1829224e-01   5.4244629e-01   5.6418815e-01   1.1652181e+00  -1.0013561e+00  -1.1213531e+00   1.9634398e+00
   2.0000000e+00  -1.5517245e-01   1.8537905e+00   2.3837225e+00   1.0770216e-01  -1.3299580e+00   5.5209203e-01  -2.1011077e-01  -4.1193619e-01  -1.4319332e+00   1.3053717e+00
   2.0000000e+00  -4.0102647e-01   1.1527855e+00  -5.5336973e-01  -7.7461272e-02  -4.7597262e-01   1.0349514e-01   7.3923634e-02  -6.7555803e-01   3.8956561e-01   1.9894909e+00
   2.0000000e+00  -8.6319394e-01   1.2865485e+00  -1.8939642e-01   2.2289368e-01  -4.1640271e-01  -5.2194291e-01  -6.4157835e-01   1.4076847e+00   1.4474965e+00   1.6313525e+00
   1.0000000e+00  -1.1016921e+00  -1.3896944e-02  -4.4267960e-02   7.0570270e-01   5.4738978e-01   4.2405013e-01  -2.2646654e-01  -8.2070528e-01   2.3140297e-01   4.5717897e-01
   1.0000000e+00   1.3221100e+00   4.1360062e-01   4.2387410e-01  -2.0528649e-01   9.2718161e-02  -5.6383683e-01  -1.4496751e+00   1.3827690e+00  -1.2647774e+00   3.4738816e-01
   2.0000000e+00   3.6208692e-01  -3.2526417e-01  -1.2677355e+00  -2.2851600e+00   2.4900472e+00  -1.2745429e+00  -1.3076853e+00  -5.4603182e-01   9.1881502e-01  -5.4937927e-01
   1.0000000e+00   1.3775768e-01  -6.1999076e-01  -2.7031690e+00  -2.2900755e+00   3.2497583e-01   2.7967098e-01   8.2878163e-01   7.4358211e-01  -2.2155401e-01  -2.7373666e-02
   1.0000000e+00   1.2644830e+00  -5.8958607e-01   6.5055329e-01  -1.2459659e-01   6.5289257e-01   1.5149555e+00  -6.8269953e-01   1.1941691e+00  -7.1189183e-01  -5.4561139e-01
   1.0000000e+00   2.6835685e-01   1.4638258e+00  -4.0430284e-01   6.0287167e-01   3.8090135e-01  -3.2648592e-01  -1.5922205e-01   1.9867555e-01   2.6552286e+00  -2.0391821e-03
   2.0000000e+00   4.6350985e-01   7.5242114e-02   1.4507343e+00  -8.8078306e-01  -6.8556644e-01  -1.0388555e+00  -1.9027970e-01  -6.7498623e-01  -1.9514761e-01   7.4037852e-01
   2.0000000e+00   2.7047629e+00  -3.1225146e-01  -2.4102063e+00   1.9314522e+00  -1.5516848e-01   1.9698219e+00   3.2561361e-01  -4.9813916e-01   9.5673857e-01   5.2522611e-01
   2.0000000e+00   1.2920814e+00  -2.3705912e-01   8.2560997e-01  -1.3798079e+00   1.8683946e+00  -2.9978216e-02   8.2930388e-01  -3.9628903e-01   4.8243514e-01  -6.4036313e-01
   2.0000000e+00   1.5186525e-02  -2.0734077e+00   2.6562155e-01  -5.3417399e-01  -7.3005936e-01  -7.6762791e-01  -9.0456705e-01  -1.1500934e+00  -3.7235190e-01  -5.9883956e-01
